7
6
4
2
7
12
8
12
11
12
8
8
10
10
10
3
12
7
3
3
3
9
6
3
6
6
7
9
2
17
4
10
12
2
5
8
2
6
2
8
3
7
3
7
4
5
11
7
12
5
9
9
8
3
7
8
2
2
5
3
24
5
4
9
3
5
6
6
5
12
5
3
8
8
10
5
10
3
8
8
6
5
7
5
7
12
9
4
11
12
5
5
2
15
10
3
5
11
12
5
5
6
13
9
12
4
23
7
10
4
11
11
6
3
6
5
5
2
3
4
5
8
7
9
10
5
9
13
4
5
8
11
4
5
3
9
4
7
6
10
7
4
13
3
18
7
7
2
3
6
5
6
12
2
4
6
17
4
13
7
8
3
10
4
8
4
6
8
5
3
3
7
4
5
12
3
5
5
3
9
10
8
3
9
14
2
2
11
10
8
11
5
7
8
8
3
4
2
8
8
11
4
9
8
4
8
3
4
10
11
4
3
8
3
6
7
6
24
8
5
6
4
7
5
6
3
5
5
10
5
3
4
9
15
19
6
3
13
12
8
4
3
7
5
2
7
6
4
7
9
5
9
14
6
3
3
2
2
9
8
8
8
3
14
4
14
4
7
4
10
6
5
8
6
8
4
11
18
6
2
3
6
5
3
9
2
6
10
3
2
9
3
8
3
3
8
16
2
6
6
19
8
6
5
2
15
8
10
13
4
3
6
10
5
12
7
5
11
6
12
3
5
5
7
5
2
8
4
2
5
7
5
6
5
8
9
4
9
4
11
7
6
23
6
6
7
2
5
11
7
7
14
2
5
3
4
7
2
7
5
4
3
8
7
8
9
5
24
4
11
16
2
5
11
7
16
4
4
6
4
5
5
16
6
4
3
4
14
3
7
3
6
4
4
5
13
6
14
13
4
8
5
5
12
5
8
6
4
2
7
3
7
4
4
8
3
6
11
8
2
10
2
4
4
12
8
3
8
4
9
9
12
4
7
10
7
7
6
3
5
8
7
6
4
5
2
6
11
4
9
5
4
4
20
6
3
8
17
3
28
5
6
2
7
8
5
9
6
5
3
4
12
5
21
2
2
10
7
3
4
10
3
9
2
10
2
11
10
4
6
3
14
6
6
5
5
11
4
4
9
5
3
3
3
6
10
5
2
9
11
5
8
9
9
4
7
11
4
2
9
4
3
11
2
6
5
3
7
7
2
6
8
8
2
10
15
5
6
5
2
11
3
5
3
16
2
3
6
5
5
2
3
4
9
10
9
8
4
7
7
5
7
2
4
13
2
16
2
3
5
12
4
6
3
8
9
11
6
6
4
3
8
3
5
5
4
13
3
2
8
9
7
6
13
6
9
12
16
5
15
7
5
3
7
2
10
4
2
11
3
11
10
11
9
3
14
9
6
10
2
2
11
13
9
4
4
4
4
5
12
16
4
5
9
6
4
4
7
2
7
5
5
16
4
9
2
5
3
7
5
7
3
21
26
3
10
4
20
6
3
8
8
3
6
11
3
2
3
8
22
6
6
4
8
5
12
2
6
6
8
9
3
8
2
3
10
7
9
11
8
4
3
4
5
6
7
7
7
8
5
4
7
2
5
4
25
13
6
6
4
18
12
10
9
6
4
8
6
8
5
2
5
5
6
8
3
3
10
15
6
7
6
8
4
5
4
2
5
6
11
3
7
6
9
6
4
6
4
4
4
2
4
12
8
5
7
3
4
5
10
7
4
2
3
3
4
7
6
4
4
8
4
15
4
2
6
5
15
7
10
5
9
6
2
3
3
6
5
3
3
12
10
2
9
7
3
4
11
2
9
8
8
5
8
2
6
9
16
6
4
9
11
2
4
14
2
6
4
7
6
5
23
5
9
6
6
2
2
18
6
3
9
8
3
2
2
4
5
8
6
5
8
4
3
2
4
3
4
3
3
18
9
10
7
3
4
2
2
9
5
13
3
2
4
3
7
4
5
7
7
5
13
9
7
2
3
6
4
9
3
2
9
6
5
6
2
9
6
9
2
4
3
4
10
4
2
2
8
6
4
7
2
9
6
4
5
4
3
2
10
7
3
5
4
11
2
12
2
11
10
3
6
8
11
8
8
8
4
3
7
5
11
9
5
3
3
17
3
4
5
6
5
9
2
17
9
3
8
5
14
4
2
12
3
18
6
5
8
6
10
3
2
3
14
2
9
5
3
3
7
9
10
5
7
3
9
5
10
7
9
5
7
10
4
8
3
3
6
5
8
3
14
2
5
3
14
4
6
3
4
42
34
36
39
36
40
31
28
26
38
24
21
25
39
29
20
28
45
24
27
33
27
32
40
40
26
27
28
32
21
21
25
32
26
23
42
37
27
32
37
38
43
23
40
16
28
37
22
27
21
34
28
33
18
30
24
20
21
29
19
21
33
19
24
33
28
23
25
33
36
28
24
22
21
15
21
20
36
17
25
32
29
17
19
34
23
28
20
23
29
17
17
26
34
29
24
27
33
34
32
28
16
22
17
19
19
24
19
20
16
24
37
25
22
20
23
23
20
25
30
38
18
15
16
28
18
20
34
19
28
33
18
16
20
18
17
14
11
22
23
18
20
11
16
27
22
20
20
23
20
15
16
21
16
21
24
21
24
27
14
18
21
17
14
16
17
24
21
24
13
15
22
15
26
22
21
21
21
17
25
22
22
22
23
23
19
18
17
19
17
18
14
24
12
18
20
21
19
13
21
21
12
18
19
23
16
17
15
18
17
25
20
22
13
14
25
19
14
15
23
15
17
15
22
13
16
15
20
23
16
15
15
17
18
20
23
27
17
15
14
20
13
19
20
13
19
19
17
17
18
13
14
13
19
20
19
11
20
22
13
25
14
21
18
13
12
21
16
18
20
19
16
16
17
14
14
19
15
21
14
17
13
20
15
13
15
13
16
22
10
21
15
23
20
14
23
18
20
20
19
13
20
15
15
13
11
15
18
18
14
15
20
13
16
13
17
20
24
12
16
15
17
18
14
25
14
14
19
12
15
17
13
14
15
18
12
17
19
10
14
17
19
18
16
13
14
19
14
19
16
15
15
14
13
10
14
16
19
19
18
13
20
14
18
17
16
10
13
14
14
12
14
11
13
15
20
17
13
11
15
17
15
14
18
18
13
14
15
12
10
12
13
13
13
16
15
14
14
14
16
16
20
17
14
14
15
13
11
16
13
12
16
12
12
16
16
19
15
16
18
13
18
17
14
13
11
14
16
12
16
16
12
12
14
12
16
13
18
16
11
17
11
16
17
18
14
14
13
17
14
12
16
17
17
13
18
12
12
13
17
13
14
11
14
17
15
14
13
14
17
16
16
11
14
11
12
12
13
12
14
11
15
21
13
10
13
11
11
12
15
15
13
21
11
14
14
10
11
11
17
14
13
12
14
14
18
18
11
12
11
14
11
11
16
12
15
13
13
12
10
14
10
13
13
16
11
13
13
11
17
12
14
11
12
14
11
14
12
12
12
15
13
15
14
12
11
16
14
11
14
16
16
13
14
14
12
13
11
11
13
12
15
13
12
16
13
15
12
15
11
11
16
14
12
12
12
12
14
11
13
14
18
13
11
11
11
14
14
13
14
13
12
14
12
15
11
11
17
14
12
14
10
13
11
11
12
16
14
12
10
13
11
13
14
15
11
11
13
11
12
14
13
13
10
14
13
11
13
16
11
11
11
14
13
12
15
15
14
12
12
14
16
11
11
11
10
13
12
13
13
11
12
12
12
12
13
17
12
10
12
14
10
14
11
10
12
11
14
12
10
14
13
13
18
13
12
15
11
11
10
19
12
10
16
14
11
10
11
13
10
11
11
10
11
10
13
11
11
10
10
12
10
13
11
10
12
10
13
11
10
13
11
14
11
13
13
11
13
10
10
11
10
13
11
12
12
11
11
11
12
14
11
14
10
12
11
12
11
12
10
12
11
11
12
15
10
11
12
11
13
11
13
11
11
11
10
10
12
11
12
12
10
13
13
10
12
10
10
15
10
12
12
13
13
11
11
11
11
11
12
10
10
10
11
12
11
12
11
13
11
13
11
11
10
10
11
12
11
10
12
12
10
12
12
10
10
10
11
10
11
10
10
11
10
12
11
11
10
10
10
10
10
10
10
11
11
12
11
10
10
13
10
10
10
11
10
10
10
13
11
10
12
10
12
10
11
11
11
12
10
11
11
11
11
10
10
10
14
11
11
12
10
13
10
10
11
10
11
10
11
10
10
11
10
10
10
10
12
10
11
10
10
10
10
12
11
11
10
10
11
10
10
11
10
10
11
11
10
10
10
12
10
12
10
10
10
12
11
10
10
10
10
10
10
10
10
10
10
11
10
10
11
10
10
11
10
10
10
11
11
10
10
10
10
11
11
10
10
10
11
10
10
10
10
10
10
10
11
10
11
10
10
10
10
10
10
10
10
10
10
11
10
10
10
10
10
10
10
10
10
11
10
10
10
10
10
10
10
10
10
10
10
10
10
10
10
10
10
10
10
10
10
10
10
10
10
10
10
10
10
