20
20
15
43
14
10
29
36
19
22
16
11
15
21
53
23
6
39
37
15
24
20
23
29
31
22
31
32
30
7
11
25
13
8
10
31
23
33
41
7
13
11
15
21
31
20
33
34
10
12
31
20
32
12
16
30
14
18
8
23
29
22
28
13
13
30
13
29
24
30
14
15
11
31
20
23
28
36
29
14
21
17
9
16
8
21
22
29
39
52
21
15
33
29
27
12
18
9
21
52
44
14
32
25
18
18
23
18
9
20
29
16
18
21
8
11
33
31
14
40
20
27
27
23
22
15
8
13
14
10
22
31
15
11
13
18
24
20
14
10
9
34
25
42
23
27
12
11
23
42
31
33
20
33
15
31
24
24
21
22
32
12
21
32
9
49
42
23
19
14
23
26
10
11
22
12
17
28
9
8
36
9
28
16
15
40
29
29
26
37
40
18
20
37
13
15
13
27
23
12
27
31
12
33
19
39
13
20
31
13
9
11
16
15
30
14
12
10
5
53
27
21
24
13
21
30
11
18
39
20
25
24
8
23
29
6
9
19
9
11
12
27
12
20
23
32
27
24
13
8
20
26
18
32
35
18
35
18
39
21
14
22
21
31
7
11
10
11
23
24
12
43
44
22
29
16
24
46
46
25
32
16
29
17
16
47
48
6
36
11
12
19
17
38
24
31
8
6
16
25
28
19
10
11
39
11
11
16
24
19
12
18
34
19
14
13
22
21
33
13
38
25
22
10
20
26
18
16
8
15
16
16
32
36
25
29
74
21
8
13
82
14
42
27
7
31
32
24
23
14
27
21
12
30
22
12
25
24
19
23
14
23
9
22
24
34
10
23
22
17
21
13
22
18
17
18
37
36
9
25
24
8
21
18
6
5
9
26
17
12
10
14
7
20
10
32
43
17
17
34
30
23
27
19
19
22
29
21
11
35
10
10
12
24
15
64
55
21
15
16
10
18
27
8
36
24
11
40
20
27
23
38
25
16
13
11
6
23
13
20
11
12
13
21
31
12
31
28
30
21
45
9
31
14
35
31
22
19
8
25
29
33
7
12
9
18
23
22
28
24
50
31
21
32
21
29
13
5
21
12
12
40
17
23
32
12
31
22
13
12
11
11
16
25
15
22
21
12
20
8
14
27
44
28
23
28
21
17
51
11
34
22
11
24
21
17
41
19
19
28
33
34
10
9
16
35
17
30
12
17
8
32
32
11
45
32
35
13
18
16
15
33
11
31
24
22
15
27
23
11
34
13
30
15
62
54
23
21
85
20
33
30
12
12
28
24
14
32
18
21
31
20
18
12
10
18
31
45
11
32
12
12
32
11
23
21
18
21
21
8
26
23
41
12
31
34
11
44
10
11
22
7
31
38
11
18
21
20
21
19
23
14
31
41
14
19
14
17
13
34
28
27
43
9
22
12
8
23
20
9
23
10
10
9
14
13
35
26
16
27
15
33
7
16
30
26
8
15
11
25
31
31
36
35
11
33
12
18
10
13
15
43
7
22
34
20
33
15
9
14
12
23
44
30
40
12
16
22
10
13
14
32
15
21
29
43
10
32
6
32
12
18
22
20
14
19
22
33
21
18
16
15
40
22
26
32
11
30
19
14
20
23
12
17
42
16
12
33
13
20
24
32
9
13
11
33
21
16
32
13
30
21
22
26
25
18
10
22
13
26
50
24
13
16
10
24
15
12
42
11
29
24
49
42
22
43
21
29
10
18
23
32
32
13
41
11
44
54
37
30
9
32
14
21
23
30
21
23
44
15
12
13
30
14
22
14
25
39
9
30
33
29
21
21
36
50
12
22
10
10
15
41
41
33
33
22
33
20
28
30
12
20
13
13
24
46
9
12
34
12
6
23
11
20
42
11
19
46
10
20
23
24
28
12
13
21
11
24
13
19
24
20
24
22
21
9
41
11
19
26
9
14
23
33
10
21
13
15
23
20
12
15
32
14
20
18
25
16
36
22
24
14
31
12
6
14
14
46
14
12
21
16
35
26
23
21
26
19
10
26
20
20
30
9
40
30
12
14
10
13
34
24
23
30
21
10
21
19
31
12
29
31
31
15
22
12
8
12
10
12
28
34
10
9
23
17
10
17
24
41
18
12
23
35
21
9
17
11
45
30
20
13
18
31
29
18
17
18
7
12
9
21
47
11
17
39
11
32
22
12
16
23
34
22
28
33
12
24
11
21
27
20
11
26
24
8
17
15
16
23
23
13
20
28
24
19
37
23
14
21
8
20
15
39
23
56
8
30
33
18
