14
19
10
10
4
7
9
11
7
7
4
3
8
3
8
6
3
3
3
4
4
6
5
12
4
3
5
7
9
2
12
6
3
4
3
8
9
5
6
15
3
2
4
8
14
5
2
12
2
10
7
11
3
2
12
6
4
10
5
4
4
3
4
2
5
4
11
11
3
5
13
12
9
13
2
4
10
8
12
5
12
11
3
5
5
2
2
8
8
6
5
3
3
11
6
2
7
4
6
6
7
15
8
6
7
5
4
13
14
3
6
5
2
7
4
2
4
4
12
6
3
6
5
5
8
11
4
2
3
8
3
4
14
3
2
11
3
2
3
3
5
19
12
6
3
10
6
6
6
6
5
3
5
4
7
3
5
3
7
6
7
7
9
7
5
9
3
7
3
9
5
5
4
7
2
16
6
11
2
8
4
3
4
6
3
9
5
23
4
10
8
4
3
6
3
4
16
2
5
4
3
3
5
11
19
3
2
9
5
3
3
4
9
9
7
6
3
3
4
8
2
5
5
8
9
7
11
6
3
2
3
10
3
4
9
5
7
3
4
2
4
5
13
7
17
3
9
5
4
7
15
8
8
5
14
22
4
14
6
4
10
4
7
3
9
13
4
4
6
17
12
7
4
11
6
4
2
12
5
2
4
5
8
6
4
3
4
12
3
11
5
3
5
5
8
7
7
3
12
4
9
4
4
2
4
2
10
5
8
7
11
4
4
3
5
3
5
2
3
11
5
2
3
6
2
3
8
9
4
3
5
9
9
4
6
9
7
2
17
6
6
2
9
6
10
5
3
5
4
8
2
3
5
6
5
12
17
2
9
5
6
10
2
5
3
13
6
4
9
2
9
3
3
4
3
7
14
11
3
5
8
5
6
9
14
5
3
6
4
4
10
7
5
5
6
3
2
9
14
7
4
6
6
3
7
4
8
9
7
9
4
11
10
10
10
5
4
16
9
6
8
3
8
5
3
16
3
4
4
7
6
8
9
2
9
5
18
8
8
5
6
6
10
7
5
12
3
4
13
10
4
6
8
17
3
10
2
6
7
10
7
4
4
10
8
10
8
6
11
3
6
6
3
2
3
11
7
8
6
3
3
6
6
2
5
9
3
4
5
8
6
7
16
3
5
14
8
5
13
4
11
6
9
6
7
5
6
2
8
2
9
10
3
6
8
9
5
3
3
9
2
5
8
11
9
8
6
6
3
6
3
8
13
15
14
14
5
6
4
3
9
8
4
6
7
6
5
6
18
8
8
7
6
7
6
7
10
4
3
10
6
9
6
3
8
15
11
6
7
7
7
7
5
7
5
6
4
4
3
5
7
6
7
6
9
2
10
10
6
4
14
2
7
4
6
3
6
10
6
4
10
8
8
4
3
2
8
7
13
13
4
4
8
8
7
4
7
8
3
12
5
4
4
5
4
3
7
7
5
4
7
8
8
8
7
13
12
16
2
2
8
8
2
3
7
10
3
2
3
7
8
6
4
4
8
10
4
21
6
5
7
2
6
4
6
2
3
14
8
9
8
2
2
4
4
6
10
6
16
7
4
3
3
6
18
7
6
4
9
5
7
5
7
8
14
4
8
2
11
4
8
15
8
13
6
7
15
5
4
3
2
7
4
5
7
23
10
2
8
9
12
14
6
3
10
2
7
5
3
14
5
3
9
6
3
7
9
8
9
3
4
6
14
2
5
7
2
10
7
12
7
5
10
4
12
7
19
8
9
8
4
7
11
5
13
4
4
17
5
18
20
8
6
6
4
8
17
2
6
13
6
6
4
10
4
5
2
3
2
7
11
3
5
6
2
10
7
16
15
14
6
7
5
5
7
13
9
4
4
9
2
8
10
6
10
19
3
9
8
5
8
3
5
11
12
9
5
5
5
10
2
15
6
5
7
5
9
5
7
11
4
6
12
13
3
10
2
2
3
10
4
7
4
9
6
9
5
2
4
3
3
3
3
5
9
4
4
8
9
8
9
10
6
7
7
9
5
9
10
9
3
6
4
11
11
6
11
10
10
4
5
3
4
11
7
6
8
15
11
11
2
7
7
5
4
5
6
3
3
5
6
6
7
2
9
7
12
7
10
11
5
8
8
6
6
3
6
5
3
15
4
4
12
6
6
15
3
6
4
6
4
5
3
9
4
5
12
3
2
3
11
2
3
13
2
8
13
5
4
3
4
8
5
6
3
10
13
8
5
7
3
10
6
13
4
2
11
2
11
5
3
10
3
5
6
7
5
6
18
14
9
4
4
15
6
10
5
3
6
3
23
21
20
39
49
33
24
24
33
39
31
34
33
17
27
46
19
30
25
17
27
27
36
21
30
40
19
32
29
32
27
26
43
36
25
27
22
25
41
15
23
28
29
24
23
25
30
17
21
20
19
24
24
41
22
30
38
28
40
41
23
24
34
17
24
23
33
21
16
22
30
39
27
17
21
41
18
23
23
27
31
29
23
18
31
32
26
23
20
14
27
27
18
30
22
24
27
16
23
19
24
20
22
27
30
20
29
32
22
28
21
30
21
22
23
24
25
24
21
18
27
22
24
17
20
18
29
15
14
26
29
29
15
22
25
26
19
17
24
15
14
14
27
24
25
18
22
11
26
23
23
20
17
16
25
29
20
30
22
19
27
26
17
22
12
28
13
15
18
14
21
21
14
19
16
14
21
21
15
21
18
13
15
17
27
20
19
18
19
16
23
20
17
23
16
16
22
17
13
19
17
18
18
12
28
15
16
25
17
25
30
15
16
18
17
17
17
16
20
14
23
13
21
17
17
15
24
16
16
18
16
19
11
20
15
15
13
24
15
18
24
12
17
15
18
14
20
22
29
14
16
17
19
13
22
16
17
23
25
15
20
17
22
25
15
17
16
15
27
13
12
18
16
17
14
26
16
17
23
15
16
19
20
19
19
13
16
12
15
11
13
18
13
19
18
13
17
16
20
13
19
19
14
13
18
16
22
14
15
12
14
13
13
17
17
23
11
23
16
13
23
17
12
14
14
11
14
16
16
12
15
18
18
18
19
10
18
17
17
20
15
25
17
21
19
16
12
17
15
15
16
18
19
17
19
13
23
12
18
16
14
16
13
14
15
14
20
18
15
17
16
15
20
15
26
19
17
11
19
17
15
12
12
15
14
15
15
19
12
15
18
12
12
16
13
16
20
19
13
12
13
13
13
14
10
18
12
10
13
14
16
13
12
16
13
13
18
17
13
15
12
17
12
14
16
13
11
14
15
12
12
11
19
11
14
15
13
16
10
17
16
16
14
14
16
13
17
18
15
15
14
16
12
17
15
12
14
15
15
14
16
11
13
14
14
16
16
15
12
12
14
13
12
14
16
15
13
17
11
13
13
12
14
16
12
15
17
18
13
10
12
13
14
13
16
14
12
17
12
16
15
15
12
14
12
12
20
14
14
14
10
12
13
12
15
11
14
13
11
13
12
11
13
10
11
14
13
11
11
11
12
10
14
15
14
16
13
13
16
10
14
14
17
12
11
17
13
12
15
15
11
12
13
14
10
15
11
13
15
16
14
13
14
15
10
14
11
11
14
13
12
15
11
16
14
10
11
13
10
16
12
12
12
13
13
12
11
10
13
14
12
13
10
12
15
14
12
11
14
16
11
13
10
11
12
20
12
12
11
13
18
12
14
12
13
10
11
13
14
14
13
10
12
13
14
10
10
11
11
11
14
11
12
13
11
10
10
12
11
12
12
14
12
10
10
10
11
11
11
11
14
10
12
12
13
12
11
12
10
11
11
10
11
11
13
17
12
11
16
11
14
13
13
13
12
12
14
13
10
11
11
13
13
13
10
10
11
10
12
13
12
10
12
12
10
10
12
15
12
12
11
11
10
13
12
15
14
11
10
11
11
13
10
17
11
11
12
11
12
17
11
10
11
12
14
13
14
10
11
10
15
13
12
13
11
12
12
12
10
12
12
14
11
11
14
11
11
12
15
11
12
11
10
10
11
11
11
12
13
14
12
11
11
11
10
10
12
10
11
11
10
11
11
13
13
11
11
11
11
11
14
12
10
10
11
10
10
10
10
10
11
10
10
12
11
12
10
10
10
13
11
11
10
11
11
12
11
11
11
11
10
10
11
14
11
11
10
12
11
11
12
13
12
10
12
10
12
10
10
10
12
12
12
12
10
10
13
10
10
11
10
10
12
10
10
10
10
11
11
10
10
11
10
11
10
10
10
10
12
10
10
11
12
10
11
10
10
10
10
11
10
11
11
10
10
10
10
11
11
13
11
10
12
12
10
10
11
10
10
10
13
10
11
10
10
12
11
11
10
10
10
10
11
10
10
10
10
10
10
11
10
10
10
11
10
10
10
10
10
10
10
10
11
10
10
10
11
10
11
11
10
11
11
10
10
10
10
10
10
10
10
10
10
11
10
10
10
11
10
10
10
10
10
10
10
10
10
10
10
10
10
11
11
10
10
10
10
10
10
10
10
10
10
10
10
11
11
10
10
10
10
10
10
10
10
10
10
10
10
10
10
10
10
10
10
10
10
10
10
10
