41
41
22
27
43
57
18
33
32
29
64
35
16
22
45
24
27
9
21
2
4
37
5
23
64
22
23
8
7
6
45
6
26
6
5
4
32
14
5
2
26
27
4
41
9
2
8
35
50
10
9
53
2
58
20
27
78
17
40
29
21
27
6
15
26
5
95
25
15
24
31
6
37
5
40
7
13
15
43
6
14
4
2
8
19
4
4
7
35
30
20
3
3
47
35
22
8
5
21
15
8
26
27
60
28
51
31
7
22
6
6
23
12
15
31
31
8
17
2
16
24
20
32
4
9
14
5
7
29
17
2
50
2
10
41
23
6
13
6
55
9
18
18
59
3
15
7
18
10
6
29
5
29
13
29
20
36
17
38
22
5
35
14
21
10
15
3
40
2
21
25
13
23
67
4
8
27
34
19
47
3
40
48
49
21
56
68
6
6
13
39
16
30
23
8
37
26
4
16
5
21
34
4
58
47
4
3
9
21
6
12
48
61
21
21
49
18
18
5
4
33
18
42
3
17
5
26
52
20
28
36
15
26
22
37
19
63
29
12
46
25
18
14
5
5
68
11
37
44
16
4
5
5
21
5
7
2
18
20
24
6
47
25
24
13
28
29
21
12
48
22
50
30
66
29
20
19
47
28
61
9
8
71
31
25
4
45
23
24
27
2
17
40
28
15
62
29
48
6
26
34
2
19
29
7
56
18
15
24
35
36
8
4
15
68
6
5
9
38
9
4
22
14
3
2
3
8
24
15
18
23
2
25
18
29
3
27
42
22
16
27
26
22
7
9
10
7
30
3
44
33
50
3
13
22
25
8
8
36
29
3
20
31
18
18
2
7
14
4
8
35
34
26
8
4
51
12
2
2
5
58
4
28
38
55
22
6
12
2
5
25
45
20
6
15
12
12
4
11
31
15
3
27
6
3
39
42
17
46
4
115
9
23
66
65
41
14
6
19
27
11
38
5
3
5
3
13
27
28
16
19
33
49
52
32
37
37
94
33
39
18
14
37
5
3
11
3
7
55
13
16
51
7
3
8
5
9
20
5
16
30
20
32
25
20
40
40
3
88
15
27
21
21
26
13
31
13
2
3
6
18
2
3
16
6
10
9
23
43
34
37
15
26
6
20
5
6
23
31
63
26
58
28
7
6
26
25
4
5
6
14
2
6
5
44
10
28
35
6
16
15
9
14
6
3
19
82
44
31
4
4
20
41
57
33
33
29
6
6
15
16
5
9
29
4
10
42
57
33
5
53
42
61
24
22
27
44
3
15
22
8
32
3
8
20
20
39
40
20
29
43
15
30
8
12
26
4
9
39
13
15
57
7
9
4
17
3
67
9
15
35
55
30
14
25
5
8
31
23
44
6
38
33
39
39
14
29
54
42
25
18
9
16
43
30
26
16
25
4
31
22
5
22
4
5
41
16
25
30
4
12
18
36
14
29
4
9
47
2
8
5
67
51
2
34
31
7
6
5
44
24
16
2
7
5
14
21
18
5
3
7
6
17
3
7
6
3
21
15
17
11
11
17
9
19
23
5
14
22
60
21
2
4
31
8
19
30
27
5
3
46
17
3
4
35
36
28
25
10
6
28
42
6
4
5
17
3
4
17
25
11
13
21
27
8
18
22
47
16
12
4
36
3
35
4
3
6
29
4
3
8
8
28
59
40
31
5
19
11
28
5
37
4
20
5
24
18
4
48
32
34
37
23
2
42
8
27
17
53
8
33
23
6
40
6
46
27
8
23
24
19
17
28
18
16
4
17
7
29
30
14
34
17
5
14
8
23
14
37
7
46
19
35
26
19
14
2
2
34
21
19
91
17
15
35
30
24
20
25
59
34
19
8
38
16
46
4
45
25
39
34
14
7
27
30
36
3
41
38
27
38
49
83
34
6
16
5
31
24
4
4
3
22
5
3
19
4
5
4
42
4
38
47
28
34
18
30
3
15
19
12
38
19
12
20
21
34
25
5
26
46
21
65
14
24
4
41
17
28
25
32
44
31
44
40
15
6
46
18
37
21
37
19
40
6
3
36
43
4
3
20
27
16
52
21
44
14
22
32
4
24
44
4
22
18
49
2
46
18
46
34
10
48
9
31
9
30
42
3
3
24
14
26
17
17
22
23
20
4
32
5
14
19
18
9
12
16
3
34
36
21
16
52
12
57
5
17
21
36
23
20
2
42
31
3
54
56
19
22
9
32
6
5
14
26
15
3
27
3
33
28
18
23
7
18
67
39
20
21
7
17
7
20
19
22
28
5
17
5
10
